%YAML:1.0
---
width: 800
height: 450
K: !!opencv-matrix
   rows: 3
   cols: 3
   dt: d
   data: [ 6.1584934148286050e+02, 0., 4.0166462440184011e+02, 0.,
       6.1801724605418315e+02, 2.2426248097840917e+02, 0., 0., 1. ]
D: !!opencv-matrix
   rows: 8
   cols: 1
   dt: d
   data: [ -1.5044649668333472e-02, 1.1865598168467197e-01,
       -6.1360769482402314e-04, -1.2398090994197503e-04,
       9.9418054526024729e-02, 0., 0., 0. ]
