%YAML:1.0
---
width: 4000
height: 2250
K: !!opencv-matrix
   rows: 3
   cols: 3
   dt: d
   data: [ 3.0715406454782978e+03, 0., 2.0108170111003803e+03, 0.,
       3.0827958396014424e+03, 1.1224584982960650e+03, 0., 0., 1. ]
D: !!opencv-matrix
   rows: 8
   cols: 1
   dt: d
   data: [ -2.3247031685959416e-02, 1.9055688389607056e-01,
       -8.5987927212816801e-04, 2.4992297937844181e-04,
       -1.6918381963197401e-01, 0., 0., 0. ]
